1 244 210 16 
1 71 209 70 
1 48 105 151 
1 178 146 77 
1 140 1 168 
1 119 167 170 
1 146 5 60 
1 28 146 194 
1 81 112 55 
1 45 231 84 
1 222 37 29 
1 207 97 77 
1 171 93 134 
1 55 194 196 
1 125 194 46 
1 189 14 84 
1 206 162 66 
1 195 16 9 
1 118 87 125 
1 104 75 89 
1 228 161 151 
1 59 128 139 
1 204 203 118 
1 115 66 47 
1 139 207 212 
1 19 104 87 
1 213 218 215 
1 243 219 47 
1 121 23 7 
1 218 8 85 
1 145 142 239 
1 59 3 165 
1 20 198 45 
1 219 250 19 
1 68 107 29 
1 56 166 221 
1 18 176 172 
1 166 107 2 
1 173 60 152 
1 197 198 107 
1 217 215 57 
1 90 79 137 
1 62 157 130 
1 198 252 161 
1 99 36 236 
1 178 111 191 
1 59 210 22 
1 82 26 151 
1 143 128 158 
1 84 88 35 
1 182 228 81 
1 253 38 141 
1 207 17 196 
1 124 142 132 
1 88 177 29 
1 221 42 47 
1 173 58 36 
1 169 104 228 
1 159 24 39 
1 196 75 229 
1 118 216 131 
1 187 210 32 
1 44 85 217 
1 19 179 29 
1 170 13 55 
1 194 5 243 
1 191 96 233 
1 138 142 94 
1 59 248 18 
1 159 176 68 
1 110 43 195 
1 129 235 9 
1 153 249 119 
1 156 201 109 
1 63 132 222 
1 53 251 153 
1 197 11 209 
1 82 9 215 
1 214 176 120 
1 3 51 117 
1 67 101 124 
1 60 178 55 
1 107 229 192 
1 253 70 165 
1 130 186 108 
1 193 223 117 
1 41 49 135 
1 100 175 13 
1 240 7 89 
1 221 117 155 
1 140 187 202 
1 129 140 84 
1 22 97 40 
1 250 149 239 
1 218 231 72 
1 179 15 20 
1 116 26 110 
1 43 203 210 
1 222 79 249 
1 114 133 157 
1 232 2 137 
1 169 140 50 
1 115 101 44 
1 197 25 86 
1 36 189 166 
1 42 210 203 
1 1 81 13 
1 169 227 123 
1 156 229 99 
1 125 152 226 
1 50 94 34 
1 215 208 25 
1 223 212 45 
1 224 226 220 
1 113 128 6 
1 153 198 224 
1 167 22 157 
1 133 167 141 
1 143 83 238 
1 94 74 214 
1 78 198 41 
1 190 127 41 
1 223 68 45 
1 85 122 194 
1 94 92 76 
1 206 112 77 
1 171 200 171 
1 99 122 218 
1 231 246 36 
1 77 71 221 
1 118 236 214 
1 170 3 81 
1 38 163 227 
1 204 45 55 
1 195 222 189 
1 11 148 250 
1 130 214 20 
1 194 253 161 
1 99 188 124 
1 11 9 218 
1 162 211 167 
1 84 151 241 
1 48 143 242 
1 30 214 2 
1 106 219 60 
1 110 39 206 
1 49 240 209 
1 61 59 243 
1 11 126 148 
1 61 182 75 
1 150 238 157 
1 177 196 155 
1 77 208 81 
1 28 181 83 
1 212 96 247 
1 12 68 218 
1 5 0 111 
1 235 60 171 
1 76 28 227 
1 69 51 181 
1 110 58 157 
1 236 213 89 
1 106 122 248 
1 127 199 63 
1 168 231 187 
1 88 118 191 
1 12 203 147 
1 245 170 195 
1 244 201 17 
1 55 213 254 
1 11 174 27 
1 69 37 210 
1 150 203 176 
1 78 16 184 
1 135 158 31 
1 164 1 83 
1 78 38 115 
1 112 164 217 
1 58 131 206 
1 81 235 86 
1 60 214 132 
1 3 55 240 
1 111 163 186 
1 31 54 198 
1 234 107 39 
1 61 133 249 
1 208 246 48 
1 238 46 13 
1 164 182 151 
1 62 207 231 
1 0 188 156 
1 180 224 68 
1 217 57 59 
1 25 209 166 
1 107 221 112 
1 186 57 182 
1 142 193 96 
1 169 210 208 
1 39 200 227 
1 200 203 34 
1 253 55 172 
1 62 247 33 
1 180 94 150 
1 65 70 138 
1 138 105 29 
1 11 7 45 
1 211 186 175 
1 59 145 85 
1 240 82 31 
1 183 24 12 
1 27 204 107 
1 69 59 214 
1 102 99 163 
1 124 158 56 
1 14 29 88 
1 208 61 184 
1 192 46 110 
1 204 214 78 
1 199 111 135 
1 212 147 41 
1 41 17 231 
1 225 134 14 
1 208 139 230 
1 228 87 44 
1 27 128 214 
1 43 86 151 
1 237 247 203 
1 191 234 57 
1 91 13 2 
1 56 82 216 
1 219 49 49 
1 10 229 219 
1 168 88 162 
1 132 122 205 
1 186 194 203 
1 26 230 247 
1 111 249 205 
1 113 32 115 
1 235 90 60 
1 110 54 66 
1 142 134 144 
1 121 197 27 
1 127 34 224 
1 207 101 106 
1 119 231 118 
1 3 232 74 
1 15 147 198 
1 40 124 159 
1 106 167 103 
1 13 143 84 
1 236 55 244 
1 121 42 70 
1 126 235 127 
1 92 9 95 
1 4 254 34 
1 186 169 252 
1 59 132 103 
1 12 89 244 
1 107 62 63 
1 247 120 114 
1 59 201 26 
1 218 248 197 
1 227 201 186 
1 117 253 9 
1 11 199 142 
1 0 130 244 
1 224 55 130 
1 143 88 218 
1 231 198 227 
1 3 136 253 
1 111 232 237 
1 130 53 76 
1 74 66 222 
1 174 164 23 
1 137 80 120 
1 115 106 60 
1 119 0 88 
1 15 10 241 
1 214 139 28 
1 198 82 139 
1 45 64 39 
1 73 79 155 
1 153 145 140 
1 15 133 223 
1 127 225 144 
1 21 80 152 
1 203 245 18 
1 234 109 95 
1 144 152 230 
1 175 239 81 
1 211 151 11 
1 116 148 99 
1 124 155 24 
1 84 91 93 
1 42 154 37 
1 41 12 78 
1 20 134 95 
1 121 39 134 
1 96 100 95 
1 189 98 2 
1 81 166 249 
1 122 26 239 
1 157 187 186 
1 179 218 233 
1 135 122 235 
1 183 207 86 
1 108 153 17 
1 71 68 0 
1 43 194 71 
1 222 170 17 
1 248 218 10 
1 221 216 206 
1 223 99 36 
1 130 110 62 
1 118 153 147 
1 23 217 56 
1 36 246 188 
1 13 241 112 
1 55 197 63 
1 85 78 121 
1 51 36 111 
1 215 230 15 
1 82 110 32 
1 209 93 214 
1 82 130 76 
1 26 113 203 
1 81 18 110 
1 13 23 79 
1 138 65 11 
1 103 147 149 
1 47 108 31 
1 14 38 201 
1 26 199 159 
1 159 195 201 
1 102 62 233 
1 174 31 92 
1 132 230 165 
1 59 52 157 
1 69 232 232 
1 246 87 131 
1 241 155 237 
1 97 26 85 
1 216 224 231 
1 187 25 146 
1 15 221 13 
1 99 62 31 
1 237 141 218 
1 114 252 247 
1 239 134 176 
1 218 159 101 
1 107 142 155 
1 164 205 152 
1 183 23 162 
1 24 135 178 
1 66 13 10 
1 92 237 15 
1 207 217 17 
1 91 176 123 
1 118 101 30 
1 133 139 110 
1 89 210 127 
1 246 93 177 
1 145 78 11 
1 113 63 224 
1 74 186 21 
1 100 49 69 
1 188 104 203 
1 81 147 119 
1 41 154 137 
1 70 127 147 
1 58 80 161 
1 11 43 123 
1 229 102 240 
1 90 135 44 
1 139 18 4 
1 149 139 173 
1 100 136 221 
1 112 133 98 
1 203 90 82 
1 188 171 16 
1 163 107 253 
1 222 246 186 
1 17 201 89 
1 41 87 26 
1 36 155 75 
1 17 174 110 
1 104 55 20 
1 120 49 184 
1 43 151 54 
1 78 95 44 
1 47 51 171 
1 95 220 193 
1 22 9 214 
1 94 44 133 
1 218 145 175 
1 207 42 65 
1 84 194 68 
1 55 174 130 
1 45 106 188 
1 165 143 171 
1 38 214 103 
1 175 79 103 
1 210 186 138 
1 107 84 151 
1 55 204 119 
1 208 120 248 
1 250 173 47 
1 151 210 194 
1 80 43 42 
1 118 63 47 
1 50 96 225 
1 216 11 214 
1 41 114 51 
1 191 126 192 
1 8 27 13 
1 242 136 149 
1 37 16 63 
1 245 24 235 
1 116 2 176 
1 68 245 28 
1 57 194 170 
1 180 46 66 
1 211 97 54 
1 246 90 74 
1 194 171 198 
1 110 145 177 
1 131 50 212 
1 190 227 121 
1 36 96 249 
1 163 81 99 
1 169 157 98 
1 28 151 80 
1 68 34 100 
1 180 160 193 
1 145 234 35 
1 37 175 210 
1 206 229 244 
1 179 125 138 
1 74 199 145 
1 47 177 146 
1 235 157 183 
1 65 157 165 
1 190 123 125 
1 203 105 112 
1 194 5 62 
1 34 243 90 
1 92 96 14 
1 53 182 65 
1 136 56 129 
1 72 234 92 
1 179 233 31 
1 125 64 138 
1 46 53 107 
1 165 13 98 
1 249 63 112 
1 173 74 113 
1 218 192 89 
1 103 43 232 
1 106 195 178 
1 119 208 40 
1 109 30 101 
1 37 96 58 
1 162 185 45 
1 14 8 41 
1 1 155 59 
1 220 122 238 
1 206 176 228 
1 112 205 4 
1 43 15 56 
1 198 44 203 
1 117 133 177 
1 152 76 155 
1 36 51 80 
1 131 66 36 
1 245 80 127 
1 208 68 103 
1 120 19 252 
1 159 206 189 
1 119 5 19 
1 221 193 162 
1 239 178 167 
1 222 140 195 
1 17 47 84 
1 165 221 19 
1 152 150 169 
1 151 69 61 
1 61 230 202 
1 143 74 191 
1 150 14 216 
1 254 1 80 
1 101 218 107 
1 10 216 187 
1 61 160 207 
1 66 246 166 
1 87 65 18 
1 117 5 50 
1 99 143 195 
1 29 227 78 
1 215 98 71 
1 242 171 174 
1 124 9 174 
1 196 84 190 
1 57 156 201 
1 171 155 236 
1 31 89 207 
1 17 194 189 
1 239 210 61 
1 169 138 145 
1 204 69 33 
1 1 10 126 
1 145 143 18 
1 113 26 109 
1 203 173 122 
1 33 174 133 
1 80 111 30 
1 104 54 113 
1 164 155 54 
1 167 202 174 
1 65 219 234 
1 66 225 209 
1 113 227 10 
1 190 37 26 
1 8 185 188 
1 209 206 123 
1 192 237 150 
1 229 237 190 
1 102 51 141 
1 235 157 166 
1 15 74 175 
1 49 11 251 
1 67 150 10 
1 67 162 17 
1 11 88 248 
1 207 117 169 
1 47 23 82 
1 231 49 66 
1 224 127 122 
1 72 100 248 
1 65 12 221 
1 56 30 49 
1 161 99 68 
1 184 40 207 
1 102 116 92 
1 46 11 180 
1 141 221 216 
1 137 155 52 
1 133 119 142 
1 60 95 62 
1 154 126 47 
1 36 214 10 
1 241 238 82 
1 51 101 151 
1 243 26 151 
1 136 143 96 
1 177 56 250 
1 45 20 187 
1 95 251 104 
1 245 5 114 
1 164 254 223 
1 230 61 72 
1 161 52 148 
1 67 185 191 
1 145 30 185 
1 181 153 123 
1 203 221 172 
1 19 121 146 
1 52 84 211 
1 195 39 91 
1 52 59 144 
1 196 26 204 
1 38 41 113 
1 82 148 82 
1 112 8 72 
1 152 122 6 
1 40 39 2 
1 95 73 78 
1 32 174 218 
1 105 196 151 
1 207 102 157 
1 77 112 97 
1 152 189 230 
1 82 189 178 
1 7 92 81 
1 4 10 199 
1 180 93 200 
1 111 63 68 
1 214 230 72 
1 108 120 105 
1 254 130 189 
1 46 66 47 
1 46 174 142 
1 51 81 235 
1 69 28 39 
1 200 1 57 
1 1 54 118 
1 84 124 216 
1 73 181 99 
1 177 164 240 
1 14 70 241 
1 54 100 149 
1 209 174 30 
1 84 198 221 
1 237 190 71 
1 213 64 112 
1 179 134 234 
1 202 170 96 
1 176 105 108 
1 5 183 127 
1 162 186 54 
1 228 150 1 
1 87 252 21 
1 157 21 191 
1 152 25 18 
1 123 7 240 
1 199 46 52 
1 53 68 156 
1 166 172 116 
1 195 153 77 
1 139 128 9 
1 15 92 197 
1 153 254 149 
1 56 161 198 
1 183 95 33 
1 182 57 63 
1 134 211 195 
1 165 40 76 
1 177 11 249 
1 49 233 132 
1 184 83 7 
1 235 212 162 
1 72 245 189 
1 132 20 196 
1 196 40 16 
1 33 184 247 
1 164 82 133 
1 250 108 84 
1 152 29 169 
1 13 124 14 
1 244 218 62 
1 166 120 224 
1 88 127 220 
1 53 129 211 
1 134 58 177 
1 105 92 48 
1 167 207 47 
1 50 192 6 
1 15 218 180 
1 21 98 200 
1 152 34 50 
1 105 6 253 
1 80 138 153 
1 46 24 104 
1 9 9 109 
1 3 242 147 
1 35 234 30 
1 101 108 210 
1 111 2 45 
1 138 221 205 
1 246 103 225 
1 224 41 92 
1 97 222 89 
1 135 239 32 
1 89 64 66 
1 81 92 74 
1 20 14 134 
1 39 105 207 
1 254 37 0 
1 236 227 50 
1 231 94 212 
1 39 216 110 
1 183 207 117 
1 117 53 139 
1 227 82 226 
1 44 75 80 
1 132 55 145 
1 207 209 168 
1 106 27 53 
1 217 25 128 
1 137 40 163 
1 233 101 179 
1 2 245 206 
1 95 206 185 
1 24 68 73 
1 60 153 125 
1 22 219 128 
1 93 9 220 
1 82 222 77 
1 131 229 99 
1 215 56 145 
1 152 162 112 
1 247 180 49 
1 66 91 13 
1 53 208 188 
1 123 162 242 
1 8 220 86 
1 227 96 111 
1 166 252 100 
1 226 124 252 
1 130 62 75 
1 158 177 17 
1 62 223 236 
1 166 20 150 
1 125 88 196 
1 168 167 129 
1 187 148 162 
1 240 156 166 
1 237 57 209 
1 179 201 177 
1 218 233 123 
1 116 53 207 
1 61 76 221 
1 99 29 238 
1 6 196 250 
1 154 66 219 
1 151 202 140 
1 238 73 75 
1 200 33 61 
1 205 27 121 
1 55 168 54 
1 35 209 95 
1 5 68 205 
1 64 124 242 
1 136 45 27 
1 135 238 164 
1 179 208 71 
1 213 78 104 
1 9 151 164 
1 187 116 254 
1 109 49 42 
1 66 0 53 
1 246 173 28 
1 218 36 102 
1 113 38 62 
1 210 113 26 
1 189 155 52 
1 26 102 83 
1 229 40 27 
1 4 211 63 
1 211 17 123 
1 228 249 20 
1 67 224 227 
1 167 69 29 
1 73 76 116 
1 66 131 242 
1 184 18 69 
1 17 11 22 
1 206 133 118 
1 125 47 239 
1 242 2 4 
1 173 107 184 
1 42 7 218 
1 219 117 180 
1 119 202 237 
1 95 226 137 
1 69 91 10 
1 116 83 101 
1 4 207 5 
1 229 73 137 
1 229 214 3 
1 89 157 27 
1 198 41 252 
1 214 230 205 
1 7 26 210 
1 158 20 245 
1 71 208 187 
1 231 236 14 
1 84 95 2 
1 32 240 11 
1 228 38 150 
1 126 13 71 
1 243 173 169 
1 125 70 204 
1 130 150 72 
1 7 222 93 
1 233 158 34 
1 71 87 19 
1 172 17 69 
1 10 213 12 
1 210 203 112 
1 16 81 96 
1 6 113 32 
1 124 49 132 
1 122 190 188 
1 202 92 212 
1 7 20 240 
1 169 235 143 
1 235 205 225 
1 230 233 209 
1 89 101 135 
1 163 77 75 
1 31 88 251 
1 73 73 88 
1 37 138 6 
1 68 203 114 
1 52 135 92 
1 170 94 248 
1 93 8 24 
1 146 67 74 
1 56 222 191 
1 174 247 85 
1 249 208 137 
1 145 117 127 
1 51 250 237 
1 144 217 61 
1 133 13 35 
1 155 144 163 
1 187 10 244 
1 97 243 186 
1 178 163 20 
1 178 44 51 
1 218 209 45 
1 115 86 173 
1 27 184 2 
1 127 188 198 
1 66 132 21 
1 208 191 0 
1 55 42 204 
1 65 191 108 
1 245 16 139 
1 154 55 3 
1 142 112 172 
1 91 52 6 
1 141 54 156 
1 116 74 22 
1 250 70 248 
1 242 238 39 
1 251 98 64 
1 87 174 119 
1 91 41 33 
1 163 51 242 
1 108 216 176 
1 176 232 232 
1 147 202 187 
1 73 217 71 
1 88 244 249 
1 4 115 151 
1 11 114 123 
1 172 186 187 
1 60 200 63 
1 24 111 226 
1 226 163 250 
1 233 147 235 
1 133 204 226 
1 18 112 129 
1 68 68 188 
1 147 224 14 
1 120 54 88 
1 11 52 206 
1 206 38 174 
1 155 66 203 
1 119 230 185 
1 46 93 54 
1 2 235 173 
1 147 234 44 
1 6 36 135 
1 173 17 21 
1 217 0 241 
1 0 115 129 
1 68 193 0 
1 173 128 238 
1 98 180 92 
1 13 10 57 
1 48 226 105 
1 166 185 49 
1 7 137 161 
1 142 115 234 
1 10 6 130 
1 191 254 151 
1 157 26 15 
1 200 165 248 
1 143 232 197 
1 57 244 204 
1 228 102 105 
1 87 235 225 
1 107 92 191 
1 39 115 225 
1 27 177 188 
1 75 149 113 
1 68 66 242 
1 149 146 248 
1 177 199 128 
1 161 7 252 
1 54 197 238 
1 105 195 156 
1 187 20 104 
1 55 170 57 
1 58 239 65 
1 121 41 85 
1 223 176 129 
1 110 222 39 
1 9 250 165 
1 182 95 45 
1 185 120 222 
1 24 102 101 
1 117 243 173 
1 131 241 51 
1 135 12 9 
1 99 248 46 
1 5 154 105 
1 11 97 106 
1 213 189 188 
1 17 216 79 
1 129 234 47 
1 196 94 249 
1 118 128 36 
1 181 16 164 
1 227 54 162 
1 50 66 49 
1 146 27 198 
1 68 226 182 
1 141 96 72 
1 127 37 93 
1 239 73 169 
1 17 123 172 
1 5 137 197 
1 188 18 111 
1 196 190 231 
1 251 108 236 
1 223 68 187 
1 31 240 41 
1 90 137 253 
1 149 216 139 
1 64 95 161 
1 22 106 119 
1 192 254 104 
1 222 66 20 
1 146 61 143 
1 199 247 187 
1 92 206 244 
1 102 234 28 
1 151 251 35 
1 52 143 229 
1 215 246 48 
1 190 174 166 
1 197 164 176 
1 28 15 102 
1 47 202 188 
1 102 180 135 
1 17 14 16 
1 171 108 110 
1 254 166 48 
1 196 5 182 
1 210 125 240 
1 18 14 77 
1 37 119 18 
1 28 86 199 
1 95 111 119 
1 13 96 61 
1 202 246 51 
1 15 164 186 
1 14 171 46 
1 243 151 144 
1 174 30 30 
1 214 41 231 
1 13 75 219 
1 214 27 229 
1 24 57 192 
1 4 54 194 
1 49 53 207 
1 223 151 195 
1 88 2 194 
1 149 35 18 
1 95 107 94 
1 116 225 247 
1 17 249 203 
1 233 48 108 
1 130 96 2 
1 107 16 251 
1 138 170 64 
1 68 132 189 
1 46 187 106 
1 251 17 179 
1 107 77 87 
1 140 212 3 
1 59 237 60 
1 69 248 20 
1 9 2 102 
1 73 73 171 
1 66 80 160 
1 178 169 125 
1 252 220 84 
1 251 53 131 
1 228 202 24 
1 231 85 211 
1 127 194 195 
1 136 245 127 
1 33 109 13 
1 138 64 8 
1 21 110 81 
1 175 4 142 
1 137 235 122 
1 190 209 26 
1 142 249 141 
1 75 166 10 
1 67 117 233 
1 23 163 85 
1 58 153 213 
1 154 41 111 
1 8 64 131 
1 89 104 84 
